0 0.903889 0.779520 0.110277 0.156827
0 0.908025 0.126384 0.071680 0.223247
4 0.448308 0.765683 0.139225 0.265683
4 0.864603 0.292435 0.144739 0.138376
4 0.814979 0.349631 0.078572 0.440959
4 0.158831 0.101476 0.150252 0.081181
4 0.160209 0.203875 0.172308 0.145756
4 0.375249 0.040590 0.056517 0.081181
4 0.091975 0.809041 0.060652 0.238007
4 0.433834 0.455720 0.107520 0.191882
4 0.203132 0.702952 0.406265 0.095941
4 0.297366 0.668819 0.377699 0.289668
4 0.672997 0.726937 0.401132 0.376384
4 0.485526 0.238007 0.073058 0.476015
4 0.670240 0.098708 0.365292 0.127306
4 0.952634 0.293358 0.094732 0.509225
4 0.985028 0.367159 0.029944 0.590406
4 0.205009 0.116236 0.358400 0.232472