1 0.690228 0.347786 0.159902 0.186347
4 0.282203 0.583948 0.159902 0.134686
4 0.706080 0.903137 0.089600 0.193727
4 0.954012 0.844096 0.091975 0.071956
4 0.810652 0.525830 0.378695 0.125461
4 0.639225 0.634686 0.377699 0.420664
4 0.776191 0.591328 0.447618 0.079336
4 0.811532 0.041513 0.066166 0.083026
4 0.542043 0.036900 0.329452 0.073801
4 0.187778 0.293358 0.186092 0.479705
4 0.111465 0.367159 0.222929 0.409594
4 0.322178 0.864391 0.294991 0.271218
4 0.169360 0.756458 0.338720 0.420664
4 0.109895 0.740775 0.096492 0.518450
0 0.356640 0.501845 0.333588 0.143911