1 0.256701 0.066421 0.075815 0.125461
4 0.883902 0.086716 0.059274 0.169742
4 0.956769 0.290590 0.086461 0.570111
4 0.166412 0.315498 0.115791 0.590406
4 0.235335 0.423432 0.317046 0.404059
4 0.271175 0.508303 0.306019 0.326568
4 0.204320 0.578413 0.235717 0.525830
4 0.167791 0.580258 0.306019 0.547970
4 0.099058 0.627306 0.198117 0.210332
4 0.651631 0.668819 0.413539 0.271218
4 0.712972 0.537823 0.202634 0.488930
4 0.775003 0.675277 0.409403 0.254613
4 0.666105 0.736162 0.381834 0.376384
4 0.697809 0.832103 0.175065 0.335793