4 0.204320 0.458487 0.073058 0.226937
4 0.079569 0.623616 0.110277 0.630996
4 0.202252 0.576568 0.366671 0.345018
0 0.189157 0.151292 0.095114 0.247232
4 0.198806 0.067343 0.100628 0.134686
0 0.402129 0.264760 0.292234 0.385609
0 0.595803 0.468635 0.139225 0.261993
0 0.905268 0.468635 0.104763 0.129151
0 0.748812 0.736162 0.133711 0.132841
4 0.854074 0.402214 0.291852 0.398524
4 0.746055 0.483395 0.414917 0.287823
4 0.930080 0.304428 0.132332 0.450185
4 0.730203 0.732472 0.391483 0.151292
4 0.931268 0.833026 0.137464 0.175277
4 0.773434 0.884686 0.453132 0.230627
4 0.715729 0.949262 0.089600 0.101476
4 0.732271 0.486162 0.431459 0.322878